7180897381842586936
7180513619329764665
7141609752856890631
7037033809031793957
6953609098625699080
6746189181531344141
6736837397243251976
6662618598898535683
7181045970463968549
7181395676964719932
7174980606768483640
7172418959793212708
7171784575117430030
7171657123707866372
7169047875274509575
7168691406142213390
7168396959013670152
7167177116981742879
7166514617487838467
6820336864151473412
6771347762857397518
7179918106846842147
7175541178601950501
7175084529739173178
7174362287673838884
7173126410209463589
7171746408138149153
7170534833167289604
7169887267434089741
7167564673674480904
7167275471330135327
7163949992720223527
7163577790296526113
7162089192934182151
7161347037269626124
7149458987124051236
7146480819505220878
7141304365125504286
7140197395954027806
7139435178052635917
7134986417956048159
7125711042763656485
7113017773940428045
7111958717263842568
7107944885818281229
7104189984009194783
7102995277258214692
7101595902174891297
7091942600562756894
7091940575955389733
7180268530372250912
7111699271216401671
6943201024911887647
6694162913483115779
7171368338487086372
7166559328781077767
7159503992802905352
7158016235580542244
7013308624319548685
7008116815805091085
6994806647860268319
7181447398953110843
7163624487613680933
7168646061521685798
7153192894113860876
7170998673319480606
7175468357615914243
7148345687535570206
7091960055842622727
7102450072557849887
7180266234905251131
7178287091145641273
7177668593813933370
7175698418910727483
7174328015818607876
7172720648811334951
7172473560798104868
7170493836391730465
7170123337295744264
7169875901625158923
7169133668034776332
7167938403713993998
7167278247720291622
7165299081743469855
7162453828762176780
7160624802007436556
7159485382936038686
7157519152863890719
7154662240497585420
7153924321168182566
7153192469780286724
7151213246949707019
7150471378263608608
7149729024883952933
7149358042834881822
7146500553051295012
7144270883488599335
7143904820120784165
7141921001821998374
7141540553182678311
7138953288724090149
7138703145034616078
7136360341574831399
7135734509340871967
7134250608592293151
7133511159382134030
7131175898350390536
7128294664976764197
7126002774961163527
7125341037609946381
7123091427655027982
7123040414872964382
7120528774394940679
7120502018476608798
7117874651111443742
7115654777064656159
7115277973007207710
7113234744753540382
7112712506216418568
7112643849670888740
7111209838385941768
7110426359314337038
7110139791274036517
7107967284991233294
7107553932385193253
7107420652197498148
7104536902874778916
7104695845798382855
7104617073401204004
7102058502239079694
7102055537394666760
7100064062997892388
7099379459605744932
7098917321674149134
7097276135398018311
7096879516236188964
7094858754818149639
7092317681147301128
7091970886596709635
7090110071660662030
7077032156450655524
7077031476637748488
7076968204156882213
7076745226769026334
7076743812919332129
7076742275170077989
7074041868136303905
7074041403373833510
7074040776912669985
7073384866594753805
7073384221842083075
7073383089828842755
7061176779897113869
7061175344665021707
7061174198038826272
7060015034629508383
7060013741538168072
7060012025660951812
7057112259058863390
7057111348215401758
7057110702615481604
7050794035895700768
7050793457966664997
7050792980482952455
7048569056462441767
7048568764333313319
7048568090505809191
7047076725737426207
7047075697042394398
7047074685124709665
7044483715648539940
7044483691103391007
7044483648925519142
7042278726591057188
7042278381659901191
7042276297741061414
7040328608178654497
7040326764882677024
7040326491380403493
7038076953290640651
7038074226783292679
7038072552647855373
7035220188534410527
7035219430955175179
7035218270722575654
7033743447018294560
7033742833433529633
7033742463567236359
7031490223108312324
7031490112118590750
7031489783327149344
7028562673243622664
7028562477101223207
7028561984958336293
7024696910372015367
7024696782466649376
7024695126731672865
7022169178324962598
7022168757279771912
7022167715905309990
7020028446931815683
7020027409877552417
7020025424998665511
7019551418319195423
7019550668734123295
7019549440591629575
7018067793371352359
7018066969379360003
7018065432603135263
7015119578703449375
7015118355535318305
7015116715403103518
7013265496178986270
7013263896081468708
7013255663686094118
7009218109978529032
7009217566128213262
7009216694908357924
7008167495488015629
7008156884624559373
7008155235784854798
7005920724779158821
7005920102679989511
7005919087901691144
7004003305554840863
7004000529567321380
7003994433821691172
7002876733221326111
7002876128314543374
7002874975136845069
7001053367665462565
7001052413717220616
7001051419381910815
6999882064820522276
6999880861151743262
6999879806091382023
6998443843104427271
6998443422524787999
6998442047455776037
6996136359849200927
6996135136865553695
6996134332607909133
6995442981960420644
6995441373478440199
6995440453759946021
6993572352504204581
6993570842047221028
6993569258462514446
6992497680719138085
6992496726879784223
6992494866064362789
6990534694320246052
6990335727326334222
6990332797265153317
6988403319584640292
6988400630700330248
6988399273905868068
6986918613445905671
6986916777615838471
6986915055317175588
6985073553976708389
6985072536430054692
6985071513032510756
6982537780286999821
6982534540082351367
6980351521733053728
6980350381624790305
6980349396332383519
6979128670220750117
6979127251962989831
6979126511697726727
6977736212484328737
6977732193191775502
6977726981680991526
6976555477459078407
6976554925887081759
6976554026938780964
6975241949791964424
6975241541434494238
6975240654003637534
6974729291825204517
6974722293184449829
6974719332030991647
6973636735876025631
6973625774389660959
6973624693639105805
7179165432522362144
7179125419755572540
7179038921697889573
7178796137443233083
7178726417746726182
7178667432704249121
7178416641888324896
7178367639448800549
7178310491410894117
7178054063345405217
7177990711772597515
7177935502299893051
7177679675655851320
7177622090340781344
7177547280185068837
7177308720366488871
7177224224287886631
7177179539129290017
7176930478128221444
7176839672310598967
7176801938615422240
7176566524910505249
7176485495801646348
7176435553259261223
7175821164390911289
7175732434758061344
7175690455521299773
7175448290203372860
7175368567792127290
7175319072790596920
7175098655110745399
7174997419988454716
7174946872056876299
7174702242149322043
7174647788699913528
7174585915631783175
7174338478463880462
7174253005250759950
7174204464767814945
7173970454477081893
7173834613444447496
7173594276775873795
7173503413316046084
7173462316896324901
7173218892330880264
7173141513361280263
7173088943834025247
7172853683108007201
7172767670532607239
7172722967032384782
7172482156952964389
7172410300287749409
7172104836836543756
7172027307417177374
7171977444952526094
7171736737050381604
7171647707499515172
7171606586463358216
7171364111144520993
7171287687524109581
7171235467025796360
7170989747312151815
7170918120121519390
7170886623587093790
7170619478189870344
7170542832057388302
7170495331057044750
7170244857372478757
7170166694646762782
7170126917377461512
7169879660803722503
7169800269151177997
7169769662098574605
7169513820321369355
7169427316945259813
7169377980349828366
7169139773146139934
7169077073020063009
7169010076374568225
7168761276934475012
7168683735800384781
7168633545806662926
7168407489539607816
7168315721406008606
7168269795182365966
7168028369752182027
7167943244720950558
7167899885033803011
7167656071501286669
7167571690384313630
7167527135958011149
7167291710962158884
7167226094804831521
7167194215288556836
7166919420881669407
7166866618407062798
7146135997808413966
7097230169966005517
7172856251498368287
7156170055728844062
7146879226023546126
7145029963794730248
7140065991161072910
7131265010059250974
7128628066351369509
7108226193782066446
7077893805302713630
7075276750896385294
7064081681489169701
7034460640655740173
7030025029416914183
7024471618185383181
7018489783835987237
7016329056215977252
6970302526147054856
6939082516766739725
6839349210073124111
6838210727572983055
6831151667942132992
6823755217213885696
7168438996668828935
7169174052857220360
7181395678881434935
7181395674959777061
7180299485560589625
7179934507217194251
7179879796049005883
7179214736582561082
7179214741456424251
7179214759986777403
7179172253236579645
7179172211348065592
7179172245393198397
7178810584324951351
7178809990688427303
7178810619485818170
7178437937237937420
7178438077067562298
7178438048445746493
7178099639919365436
7178099834115591485
7178099844819504439
7177689821886876966
7177689937674898744
7177689873858481447
7177223783806225701
7177223789497945401
7177223656555269414
7176948892515323193
7176948903072238904
6913507611841137931
6913145441920044302
6915344813227363598
6915004929325174028
6912409711824358660
6912409595252165892
6881071856061861133
6880492767101881614
6879671189179059463
6879224036883238158
6878297471508811022
6877517116958854407
6877356504362650894
6876766245765664008
6876387571602181390
6876015538296999176
6875698495500733703
6874927256100244744
6874556827384696072
6841034490983238919
6838058944380833031
6837447036476902664
6837306656745917709
6834340490133949700
6833702882949303556
6832596195500625156
6832226036843875596
6832098756226338051
6831357144076471564
6826615034416860419
7180611341441355065
7180610840599465276
7180608439570156855
7180612715721887013
7180609502910238008
7180612143660780861
7180272912954363193
7180273746081566007
7180271575604694272
7179905492821527867
7179534450638851362
7179532853913455924
7179531800253861120
7179529697582255395
7179184013771345187
7178817485465013561
7178423191210118456
7178391325769829692
7178328265537424699
7178053149696052541
7178052553383480637
7178011382288321807
7177679125841202469
7177677051011304744
7177674971014057276
7177308480188009787
7177244979289394489
7176968745028455740
7176936956926987581
7178411849350728992
7170996678579784972
7167634038486748420
7182120847602240771
7182055994996952358
7181806150193581350
7181748671988419872
7181676121635753249
7181430425984748838
7181376552695827750
7181025998136266023
7180571243731553540
7180342314567585062
7180331673886690592
7179894429107359008
7179824299795041568
7179621596817001760
7179541343138548995
7179494334117498144
7179233025153174816
7179118185533148419
7178840853694139659
7178361590037679363
7178127056654437636
7178091268105342247
7178009642147106086
7177958097317596428
7177669562077400324
7177650323220172070
7177362753756220675
7177206496617319713
7176958458657279235
6901193187746958592
6844836166630509839
6845890766896680207
7182098766722305338
7177682958340345144
7177682644879052088
7177682249817591095
7177303256127900965
7177302766019235129
7177302246261132600
7177301852915109176
7176958561594002744
7176957647466351927
7176957235145264443
7176564613369138490
7176563948945181989
7176561769815575864
7176563231459265852
7176561091965734204
7176222720026250553
7175803955623120183
7175098318505184570
7175097780224937274
7175097486799916347
7174720668909522233
7174720387895348538
7174719968372608316
7174719334558731577
7174340303938129160
7174340037608312072
7174339018740600077
7173983175474040101
7173982852919332132
7173544557299158308
7178025266093116733
7177718975743282491
7177322748299988285
7176967278175522104
7176876183173319997
7176604471496101181
7175872233406090554
7175390640014904636
7175114527137221943
7175018950542118199
7174712320608734521
7174387925948402957
7173997687354772750
7173598410610609421
7172895704812211493
7172561349032037669
7172168954058738957
7171830588544994596
7171379583109844238
7171026903665511694
7170633941886586126
7170542757767957767
7170332998645058823
7169966005605780767
7169192509241904415
7168482205902064933
7168079104049188126
7167307053571001631
7165476574404300064
7162814437961764135
7164962603846978819
7181735717549149479
7180637544588135691
7179515827195071777
7178641099823664396
7177708841591786785
7177203380098534695
7176845710376160551
7176141726594190595
7175749309948874022
7175377921840860449
7174241922507214112
7173930157084921121
7173520423806717222
7172768464321449249
7172018153965325600
7171290628247063812
7170489595480542496
7169786337216810252
7169044739197553923
7167568074667789607
7166924451618098435
7166167278713687300
7164687650023099659
7163942488858823947
7163200424521108774
7162098126252150049
7176269761821625658
7177213433048239416
7165679000210115847
7181805110387920186
7181386640567373114
7180673351692651836
7180329451903847738
7179921045271366973
7179373225715961125
7178866273562938685
7178486924993121597
7178119556953623868
7177712088381541692
7177001804016700733
7175673486562676028
7175507580855356704
7175099915947855162
7174366768612248891
7173961539232353566
7173256005407591688
7172859580748156197
7172507515513621797
7172109224745389343
7171747031847947557
7171401579587718436
7170624904885308708
7170327167987977479
7169891608043818271
7168728782461832461
7167962419254365448
7182147408816606502
7181400855441050918
7181016963974548747
7180272415237229828
7179916098672790817
7178797454140181798
7178058378231450892
7176946977026919683
7175819363327446284
7174716198628658464
7173228542660988192
7172125980994047271
7170627540229410059
7169527615659773188
7168784608090148129
7168030188184358148
7166924317190524199
7166182391319416102
7165815957628276006
7165062606712032544
7163965488148630816
7162468703399922982
7161735132208991499
7160998078563077388
7159859419843530022
7159526772587941132
7158775307095248132
7158013127450316036
7157657090637516036
7177698725740039479
7179428996617178426
6904424056125263117
7169189272120069416
7175489811950636288
7147983821810552094
7073407408718089479
7184065533912927545
7181453478655528192
7183482217392393528
7183110982644845863
7184981283083275576
7184728684153064764
7184678255994162470
7184594619567541508
7184354569797881149
7184311372014996773
7184241057842990375
7183994168295935288
7183936922698403129
7183856777358757157
6819343027337694464
6809955595601448192
6801429428594330888
6800006476682317056
6776076353411534088
6755397143646850311
6753912047081180429
6752431977711947016
6750948884278742284
6738692717859048716
6718289656347135235
6714659492774120718
6708994693037853963
6706724572999208206
6706011767975267587
6700619589362994440
6691026958542736651
6687417557135248644
6682894926948076814
6681475690069560583
6678639995613416718
6677402224106294536
6675910334714367244
6673759362240089356
6670723689857781005
6670075724747017484
6669270206403169550
6667852039508299012
6667106863487732995
6667087539419090189
6665891255697804557
6664874868691012871
6663043021908544776
6663014351999339784
6662977261593005325
6662988474888604932
6661931735405645063
6661391965424274692
6661388150968995079
7182836121401904445
7184343142445927740
7183649390320569656
7183260494768196901
7183165755469466939
7182913139715919160
7182501745824779531
7176948900165586233
7176865638156160311
7176604969305476409
7175862764403969341
7175676980652756280
7175382837405764921
7174625234778098952
7174006729548516621
7173512876173298958
7173264979389467935
7172523635821776141
7172338154735717663
7172139910722309406
7172027944599112991
7171965729426771239
7171421472475335943
7171287452471020814
7171042402394836232
7170938488840342815
7170671355174669581
7170541826993032478
7170539074766277925
7169898605543755022
7169812700623686920
7169554566365580574
7169532066139327752
7168808371506744606
7168736490233662751
7168310159436008734
7168061430606859527
7167990586719407396
7167928507715046686
7167628011104226568
7167563688449297671
7167330363923107109
7167257486691486983
7166925007669497096
7166878394741804318
7166812740021914894
7166556464876670238
7166431721242496263
7166180003963571469
7166137672782712096
7166058402429373726
7165845976140254472
7165811609758158088
7165750090429189384
7165695570672127269
7165463341207457063
7165376655215693070
7165335261881076999
7165065192529841421
7165003902306372872
7164960677180787999
7164692301476810014
7184353712884829499
7184352723427511587
7184351968993856802
7183576132376087842
7183575651419458850
7183575029907606836
7183240351782636800
7183239956125469967
7183238983068044578
7182876971322428672
7182874071346973992
7182873328288369978
7182872176368962831
7160902711272099104
7184813975375236390
7184750637693832487
7184680842579414283
7184639945632484646
7184264428756552999
7183901142466694404
7183849525470121220
7183614083009170699
7183599575540763908
7183275091495636235
7183202277828627745
7183150474357525799
7182874997973585156
7182800315706658086
7182603884798446859
7182432934937316619
7182204980722486531
7184705979722829088
7183964487358156064
7183221994824027431
7182882672623111456
7182487012392455457
7184740729506303291
7183281256979991869
7182900428424662329
7182529316801056057
7184739799041854731
7183247553180241191
